103;284.90
9608;285.00
9659;284.90
9711;285.00
9763;285.00
9815;285.00
9867;285.00
99151;287.00
102;287.00
154;287.00
206;287.00
258;287.00
310;287.00
362;287.00
414;287.00
465;287.10
518;287.00
570;287.00
621;287.10
673;287.00
726;287.30
777;288.00
829;288.00
881;288.10
932;288.10
985;288.90
1037;288.80
1088;288.90
1140;288.90
1192;288.90
1245;288.40
1296;287.90
1348;287.70
1400;287.40
1452;287.20
1504;287.40
1556;287.30
1608;287.10
1659;287.30
1712;287.40
1764;287.60
1816;287.90
1867;288.00
1920;287.90
1972;287.80
2024;287.80
2075;287.50
2127;287.20
2180;287.00
2231;286.70
2283;285.90
2335;285.10
2387;284.40
2439;283.70
2491;283.10
2543;282.80
2595;282.10
2647;281.80
2699;281.10
2751;280.60
2802;280.20
2854;279.80
2907;279.20
2959;278.90
3010;278.30
3062;278.20
3115;277.90
3167;277.30
3218;277.10
3270;277.00
3322;276.50
3375;276.30
3426;276.00
3478;275.40
3530;275.10
3581;274.70
3634;274.20
3686;274.10
3738;274.00
3789;274.20
3842;274.10
3894;274.20
3946;274.10
3997;274.00
4049;274.00
4102;273.50
4153;273.20
4205;273.00
4257;273.00
4310;273.10
4361;273.00
4413;273.00
4465;273.00
4517;272.60
4569;272.40
4621;272.30
4673;272.20
4724;272.00
4776;272.00
4829;272.00
4881;271.50
4932;271.30
4984;271.00
5037;271.70
5089;272.00
5140;272.00
5192;272.60
5244;273.00
5296;272.80
5348;273.00
5400;272.90
5452;272.70
5504;272.50
5556;272.10
5608;272.00
5660;272.10
5711;272.10
5764;272.80
5816;273.00
5867;273.00
5919;273.00
5971;273.50
6024;273.30
6075;273.60
6127;273.30
6179;273.20
6232;273.10
6283;272.50
6335;272.10
6387;272.10
6439;272.00
6491;272.40
6543;272.60
6595;272.90
6646;273.00
6699;273.00
6751;273.00
6803;273.00
6854;273.00
6906;273.20
6959;273.20
7011;273.20
7062;273.70
7114;273.80
7166;273.90
7218;273.10
7270;272.80
7322;272.30
7374;272.10
7426;272.00
7478;272.10
7530;272.00
7582;271.90
7633;271.80
7686;271.80
7738;271.90
7789;272.00
7841;272.30
7894;272.80
7946;273.00
7997;273.00
8049;273.10
8101;273.50
8154;274.00
8205;274.00
8257;274.00
8309;273.90
8360;274.00
8413;274.00
8465;274.00
8517;274.00
8568;274.00
8621;274.10
8673;274.10
8725;274.00
8776;274.10
8828;274.10
8881;274.20
8932;274.00
8984;274.00
9036;274.00
9089;274.30
9140;274.10
9192;274.00
9244;274.20
9296;274.50
9348;274.20
9400;274.50
9452;274.40
9503;274.60
9555;274.30
9608;274.00
9660;274.10
9711;274.00
9763;274.00
9816;274.20
9868;274.30
9919;274.10
9971;274.00
10023;274.00
10076;273.90
10127;273.60
10179;273.80
10231;273.40
10284;273.40
10335;273.00
10387;272.70
10439;272.00
10491;272.00
10543;271.30
10595;271.10
10647;270.70
10699;270.20
10752;270.20
10803;270.00
10855;269.90
10907;269.90
10959;269.50
11011;269.70
11063;269.70
11115;269.10
11167;268.80
11219;268.20
11271;267.80
11323;267.00
11375;267.00
11427;266.50
11479;266.10
11531;266.00
11583;266.00
11635;266.00
11686;265.60
11739;265.10
11791;265.00
11843;265.00
11894;265.20
11947;265.30
11999;265.10
12051;265.00
12103;265.70
12154;265.50
12207;264.60
12259;263.70
12311;263.20
12362;263.00
12414;263.00
12467;262.70
12519;262.40
12571;262.00
12622;262.60
12675;262.90
12727;263.00
12779;263.00
12830;263.00
12882;263.70
12935;264.20
12987;264.60
13038;264.70
13090;265.00
13143;265.00
13195;265.00
13247;264.80
13298;264.40
13350;264.00
13403;263.90
13455;262.90
13506;262.40
13558;262.90
13611;263.10
13663;262.90
13714;262.00
13766;261.70
13818;261.10
13871;261.00
13923;261.00
13974;261.00
14026;261.10
14078;261.00
14131;261.00
14182;261.10
14234;260.40
14286;258.80
14339;258.40
14390;258.90
14442;258.60
14494;258.20
14546;257.50
14599;257.10
14650;256.90
14702;256.30
14754;256.10
14807;256.00
14858;255.90
14910;255.70
14962;255.90
15014;256.00
15066;256.10
15118;256.60
15170;257.00
15222;257.10
15273;257.30
15326;257.00
15378;257.00
15430;257.00
15482;257.00
15534;257.50
15586;258.30
15638;258.90
15690;259.00
15741;259.10
15794;259.50
15846;259.50
15898;259.80
15949;259.70
16002;259.90
16054;259.80
16106;259.80
16158;260.00
16209;260.00
16262;260.00
16314;260.00
16366;259.90
16417;259.80
16470;259.50
16522;259.50
16574;259.20
16625;258.80
16677;258.40
16730;258.00
16782;257.20
16834;256.00
16885;255.20
16937;254.90
16990;254.30
17042;254.50
17093;254.00
17145;254.10
17198;254.00
17250;253.60
17301;253.10
17353;252.80
17405;252.30
17458;251.80
17509;251.00
17561;250.60
17613;250.10
17666;249.30
17717;248.90
17769;248.50
17821;248.00
17873;248.00
17925;248.00
17977;247.30
18029;247.00
18081;247.00
18132;246.50
18185;246.10
18237;246.00
18289;245.90
18340;245.90
18393;245.90
18445;246.10
18497;246.40
18548;246.80
18600;246.70
18653;246.70
18705;246.70
18756;246.80
18808;246.40
18861;246.20
18913;246.20
18964;246.10
19016;246.00
19068;245.30
19121;245.20
19172;244.80
19224;244.70
19276;244.30
19329;244.30
19380;244.70
19432;244.20
19484;244.00
19536;243.30
19588;243.10
19640;243.20
19692;244.20
19744;245.30
19795;246.20
19848;246.60
19900;246.60
19952;246.30
20004;246.20
20056;246.10
20108;246.10
20160;246.00
20212;246.10
20263;246.10
20316;246.40
20368;246.10
20420;246.50
20471;246.40
20524;246.60
20576;246.80
20628;246.70
20679;246.80
20731;246.70
20784;246.80
20836;246.70
20887;246.60
20939;246.60
20992;246.80
21044;246.60
21095;246.80
21147;246.40
21199;246.20
21252;246.00
21303;246.00
21355;246.00
21407;245.60
21459;244.30
21511;243.60
21563;243.00
21615;242.70
21667;242.60
21719;242.30
21771;242.50
21823;242.50
21875;242.30
21926;242.70
21979;243.00
22031;243.00
22083;243.10
22134;243.10
22187;243.40
22239;243.30
22291;243.30
22342;243.30
22394;243.20
22447;243.10
22499;243.00
22550;242.90
22602;242.80
22654;242.30
22707;242.20
22758;242.00
22810;242.00
22862;241.80
22915;241.20
22967;240.90
23018;241.00
23070;241.00
23122;241.00
23175;241.10
23226;241.10
23278;241.20
23330;241.60
23383;241.60
23434;241.50
23486;241.60
23538;241.60
23590;241.40
23642;241.40
23694;241.50
23746;241.00
23798;241.20
23849;241.00
23902;241.00
23954;240.90
24006;240.40
24057;239.80
24110;238.60
24162;238.10
24214;238.00
24265;238.00
24317;238.10
24370;238.00
24422;238.90
24473;239.10
24525;240.00
24578;240.00
24630;240.20
24681;240.40
24733;240.40
24785;240.50
24838;240.10
24889;240.40
24941;240.00
24993;239.50
25046;238.30
25097;237.70
25149;237.10
25201;236.90
25253;236.90
25305;237.00
25357;237.00
25409;237.10
25461;237.60
25512;237.90
25565;238.00
25617;238.50
25669;239.00
25720;239.90
25773;240.00
25825;240.00
25877;240.20
25928;240.00
25980;240.30
26033;240.10
26085;240.00
26136;240.00
26188;240.00
26241;240.10
26293;240.10
26344;240.00
26396;240.10
26448;240.20
26501;240.20
26552;240.10
26604;240.20
26656;240.10
26708;240.00
26760;240.30
26812;239.60
26864;238.40
26916;238.00
26968;238.00
27020;238.70
27072;238.90
27124;239.00
27175;239.20
27228;239.40
27280;239.00
27332;239.00
27384;238.10
27436;237.70
27488;237.40
27540;237.30
27592;237.90
27643;238.00
27696;238.00
27748;238.60
27800;239.00
27851;239.00
27904;239.00
27956;239.30
28008;239.50
28059;239.70
28111;239.50
28164;239.80
28216;239.60
28267;240.00
28319;240.00
28371;240.00
28424;240.00
28475;240.00
28527;240.00
28579;240.00
28632;240.00
28683;240.00
28735;240.00
28787;240.10
28839;240.00
28891;240.00
28943;240.10
28995;240.10
29047;240.00
29099;240.10
29151;239.70
29203;239.00
29255;238.10
29306;237.50
29359;236.70
29411;236.20
29463;236.40
29514;236.30
29566;236.90
29619;236.80
29671;236.50
29722;236.50
29774;236.30
29827;236.50
29879;236.40
29930;236.30
29982;236.00
30034;236.10
30087;236.10
30138;236.50
30190;236.70
30242;236.80
30295;236.80
30346;236.90
30398;236.90
30450;236.30
30502;236.30
30554;236.50
30606;236.20
30658;236.10
30710;236.10
30761;236.20
30814;236.00
30866;236.00
30918;236.10
30969;236.00
31022;236.10
31074;236.20
31126;236.10
31177;236.00
31229;236.20
31282;236.20
31334;236.20
31385;236.20
31437;236.20
31490;236.20
31542;236.30
31594;236.80
31645;236.90
31697;237.00
31750;237.00
31802;237.00
31853;237.10
31905;237.00
31958;237.10
32010;237.00
32061;237.00
32113;237.20
32165;237.50
32218;237.40
32269;237.40
32321;237.70
32373;237.40
32425;237.90
32477;237.90
32529;237.90
32581;238.00
32633;237.90
32685;237.80
32737;238.00
32789;238.00
32841;238.00
32892;238.10
32945;238.00
32997;238.10
33049;237.90
33100;237.90
33153;238.00
33205;238.10
33257;238.00
33308;238.00
33360;238.00
33413;237.90
33465;238.00
33516;238.00
33568;238.00
33620;238.00
33673;238.00
33724;237.90
33776;238.00
33828;237.90
33881;238.00
33932;237.80
33984;237.90
34036;238.00
34088;238.00
34140;238.10
34192;238.80
34244;238.90
34296;239.00
34348;239.00
34400;239.00
34452;239.00
34504;239.10
34555;239.00
34608;239.00
34660;238.90
34712;238.80
34763;238.60
34816;238.50
34868;238.30
34920;238.00
34971;238.30
35023;238.20
35076;238.10
35128;237.70
35179;237.00
35231;237.00
35283;237.20
35336;238.00
35387;238.00
35439;238.00
35491;238.00
35544;238.00
35595;238.00
35647;238.10
35699;238.00
35751;237.80
35803;237.60
35855;237.70
35907;237.20
35959;237.10
36011;237.10
36063;237.00
36115;237.00
36167;237.00
36218;237.00
36271;237.00
36323;237.00
36375;237.00
36426;237.00
36478;236.90
36531;236.70
36583;236.70
36634;236.70
36686;236.60
36739;236.50
36791;236.60
36842;236.70
36894;236.80
36946;237.00
36999;237.00
37050;236.70
37102;236.70
37154;237.00
37207;236.80
37259;236.90
37310;237.00
37362;236.90
37414;236.90
37467;237.00
37518;236.90
37570;236.90
37622;237.00
37675;236.90
37726;237.00
37778;237.00
37830;236.90
37882;236.90
37934;237.00
37986;237.00
38038;236.60
38090;236.90
38141;237.00
38194;236.90
38246;236.90
38298;236.90
38349;236.80
38402;236.60
38454;236.80
38506;236.90
38557;236.80
38609;236.90
38662;236.90
38714;236.90
38765;236.60
38817;236.80
38870;236.90
38922;236.90
38973;236.90
39025;236.90
39077;236.70
39130;236.70
39181;236.90
39233;236.70
39285;236.40
39337;236.00
39389;236.10
39441;236.10
39493;236.10
39545;237.00
39597;237.90
39649;237.80
39701;237.00
39753;236.80
39804;237.00
39857;237.00
39909;237.00
39961;237.00
40012;237.00
40065;237.00
40117;236.90
40169;236.70
40220;236.70
40272;236.10
40325;236.00
40377;236.10
40428;236.00
40480;236.00
40532;236.00
40585;236.00
40636;236.10
40688;236.00
40740;235.90
40793;236.00
40844;236.00
40896;236.00
40948;236.60
41000;236.90
41053;236.90
41104;236.90
41156;236.50
41208;236.70
41261;236.40
41312;236.20
41364;236.20
41416;236.10
41468;236.00
41520;236.00
41572;236.00
41624;236.00
41676;236.10
41728;236.00
41780;236.00
41832;236.10
41884;236.00
41935;236.20
41988;236.10
42040;236.10
42092;236.10
42143;236.30
42195;236.20
42248;236.20
42300;236.10
42351;236.20
42403;236.30
42456;236.30
42508;236.50
42559;236.40
42611;236.70
42663;236.30
42716;236.40
42767;236.70
42819;236.40
42871;236.30
42924;236.30
42975;236.00
43027;236.10
43079;236.10
43131;236.00
43183;236.00
43235;236.00
43287;236.10
43339;236.00
43390;236.00
43443;235.90
43495;235.70
43547;235.80
43598;236.00
43651;236.80
43703;237.00
43755;237.00
43806;237.00
43858;237.00
43911;237.00
43963;237.30
44014;237.10
44066;237.00
44119;237.00
44171;237.00
44222;236.50
44274;236.40
44326;236.10
44379;236.00
44430;236.00
44482;235.90
44534;235.40
44587;235.20
44638;235.20
44690;235.00
44742;235.00
44794;235.00
44846;234.90
44898;234.80
44950;234.60
45002;234.50
45054;234.30
45106;234.00
45158;234.00
45210;234.00
45261;234.00
45314;233.70
45366;233.10
45418;233.10
45470;232.90
45521;232.40
45574;232.00
45626;231.90
45678;231.10
45729;231.00
45782;230.50
45834;230.10
45886;229.80
45937;229.40
45989;229.00
46042;228.30
46094;228.00
46145;227.30
46197;226.80
46249;226.00
46302;225.10
46353;224.50
46405;223.70
46457;223.00
46510;222.60
46561;222.00
46613;221.60
46665;221.10
46717;221.00
46769;220.60
46821;220.00
46873;220.00
46925;219.40
46977;219.20
47029;219.00
47081;218.70
47133;218.20
47184;218.00
47237;217.40
47289;217.20
47341;217.00
47392;216.60
47444;216.10
47497;216.00
47549;215.80
47600;216.00
47652;216.20
47705;216.80
47757;217.00
47808;217.00
47860;217.00
47912;217.00
47965;216.80
48016;216.50
48068;216.10
48120;216.10
48173;216.10
48224;216.00
48276;215.60
48328;215.30
48380;215.10
48432;215.00
48484;215.00
48536;215.00
48588;214.80
48640;214.50
48692;214.20
48744;213.50
48796;212.70
48848;212.00
48900;212.10
48952;212.00
49004;211.70
49056;211.40
49107;211.20
49160;211.10
49212;211.00
49264;211.10
49315;211.10
49368;211.00
49420;211.00
49472;211.00
49523;211.20
49575;211.90
49628;212.30
49680;212.60
49731;212.80
49783;213.00
49836;212.80
49888;213.00
49939;213.00
49991;213.00
50043;212.80
50096;212.20
50147;211.80
50199;211.60
50251;211.10
50304;211.10
50355;211.00
50407;210.50
50459;209.60
50511;209.00
50563;209.00
50615;209.00
50667;209.00
50719;208.70
50770;208.50
50823;208.70
50875;209.00
50927;209.10
50978;209.80
51031;210.00
51083;210.00
51135;210.00
51186;209.60
51238;209.20
51291;209.20
51343;209.00
51394;208.90
51446;209.00
51499;209.10
51551;209.40
51602;209.90
51654;210.00
51706;210.00
51759;209.90
51810;210.00
51862;210.00
51914;210.10
51966;210.20
52018;210.00
52070;210.00
52122;210.00
52174;210.00
52226;210.00
52278;210.00
52330;210.00
52382;209.90
52433;210.00
52486;209.70
52538;209.50
52590;209.10
52642;209.50
52694;209.10
52746;209.10
52798;209.10
52850;209.10
52901;209.00
52954;209.00
53006;209.00
53058;209.00
53109;209.00
53161;208.90
53214;208.70
53266;208.50
53317;208.60
53369;208.70
53422;208.70
53474;209.00
53525;209.00
53577;209.00
53629;209.00
53682;209.00
53733;209.00
53785;209.00
53837;208.90
53890;208.70
53941;208.30
53993;208.30
54045;208.30
54097;208.00
54149;208.30
54201;208.00
54253;208.10
54305;208.00
54356;207.80
54409;207.40
54461;207.20
54513;207.10
54564;207.10
54617;207.10
54669;207.00
54721;207.00
54772;207.00
54824;207.00
54877;207.00
54929;207.00
54980;207.00
55032;207.00
55085;206.90
55137;207.00
55188;207.00
55240;206.80
55292;207.00
55345;207.90
55396;208.70
55448;209.10
55500;209.10
55553;209.40
55604;209.90
55656;210.10
55708;210.60
55760;211.60
55812;213.00
55864;214.80
55916;216.40
55968;217.10
56019;216.60
56072;216.00
56124;215.40
56176;215.00
56227;214.60
56280;214.20
56332;214.00
56384;213.50
56436;213.00
56487;213.00
56540;213.00
56592;212.90
56644;213.00
56695;213.00
56748;212.90
56800;213.00
56852;212.90
56903;212.90
56955;212.70
57008;212.70
57060;212.50
57111;212.10
57163;212.00
57216;211.60
57268;211.40
57319;211.00
57371;210.50
57423;209.50
57476;209.00
57527;209.00
57579;208.70
57631;208.60
57683;208.60
57735;208.50
57787;208.70
57839;208.40
57891;208.90
57943;208.90
57995;209.00
58047;208.90
58099;209.00
58150;209.40
58203;209.20
58255;209.30
58307;209.00
58358;209.00
58411;209.00
58463;209.00
58515;209.00
58566;209.30
58618;209.90
58671;210.00
58723;210.00
58774;210.10
58826;210.10
58878;210.30
58931;210.20
58982;210.50
59034;210.50
59086;210.90
59139;210.90
59190;210.90
59242;210.90
59294;210.80
59346;210.90
59398;210.50
59450;210.50
59502;210.30
59554;210.50
59606;210.60
59658;210.20
59710;210.20
59762;210.20
59814;209.70
59866;209.00
59918;208.90
59970;208.80
60022;208.90
60073;208.90
60126;209.10
60178;209.20
60230;209.20
60281;209.80
60334;209.60
60386;209.60
60438;209.40
60489;209.00
60541;208.50
60594;208.10
60646;208.00
60697;208.00
60749;208.00
60802;208.00
60854;208.10
60905;208.20
60957;208.40
61009;208.30
61062;208.80
61113;208.50
61165;208.50
61217;208.10
61270;208.00
61321;208.20
61373;208.60
61425;208.10
61477;208.20
61529;208.30
61581;208.10
61633;208.00
61685;207.50
61736;207.50
61789;207.10
61841;207.00
61893;207.00
61944;207.20
61997;207.40
62049;207.20
62101;207.50
62152;207.70
62204;207.60
62257;207.40
62309;207.10
62361;207.10
62412;206.90
62465;206.70
62517;206.30
62569;206.00
62620;205.90
62672;205.90
62725;206.00
62777;205.80
62828;205.50
62880;204.90
62932;204.20
62985;204.00
63036;203.50
63088;203.10
63140;203.00
63193;203.00
63244;203.00
63296;203.10
63348;202.90
63400;202.50
63452;202.20
63504;202.70
63556;203.00
63608;202.90
63660;203.00
63712;202.20
63764;202.00
63816;201.90
63867;201.90
63920;201.80
63972;201.70
64024;201.80
64075;202.00
64128;202.10
64180;202.00
64232;202.00
64283;202.00
64335;202.90
64388;203.70
64440;204.00
64491;204.70
64543;205.00
64595;205.00
64648;205.10
64699;205.00
64751;204.80
64803;204.00
64856;202.70
64907;202.20
64959;202.00
65011;202.00
65063;201.60
65115;201.10
65167;201.20
65219;201.20
65271;201.40
65324;201.20
65375;201.10
65427;200.80
65479;200.00
65531;199.70
65583;199.20
65635;199.00
65687;199.00
65739;198.90
65790;199.00
65843;199.00
65895;199.10
65947;199.10
65998;199.00
66051;199.10
66103;199.10
66155;199.10
66206;199.30
66258;199.30
66311;199.20
66363;199.10
66414;199.30
66466;199.60
66519;199.70
66571;200.00
66622;199.80
66674;199.60
66726;199.30
66779;199.20
66830;199.10
66882;199.10
66934;199.50
66987;199.50
67038;199.20
67090;199.20
67142;199.40
67194;199.10
67246;199.00
67298;199.10
67350;199.30
67402;199.60
67453;200.00
67506;200.10
67558;200.20
67610;200.30
67662;200.10
67714;200.10
67766;200.50
67818;200.10
67870;200.20
67921;200.10
67974;200.10
68026;200.50
68078;200.50
68129;200.80
68182;200.60
68234;200.30
68286;199.90
68337;199.80
68389;200.70
68442;201.20
68494;201.40
68545;201.90
68597;202.00
68649;202.00
68702;202.00
68753;201.90
68805;201.70
68857;201.50
68910;201.30
68961;201.20
69013;201.00
69065;201.00
69117;200.80
69169;200.50
69221;200.60
69273;200.40
69325;200.20
69377;200.30
69429;200.60
69481;201.00
69533;201.00
69584;201.10
69637;201.20
69689;201.40
69741;201.30
69792;201.60
69844;201.70
69897;201.90
69949;202.00
70001;201.90
70052;201.90
70105;201.70
70157;201.30
70209;201.00
70260;200.80
70312;200.50
70365;200.20
70417;200.00
70468;200.00
70520;199.80
70573;199.50
70625;199.50
70676;199.20
70728;199.10
70780;199.10
70833;199.00
70884;198.60
70936;198.10
70988;197.90
71041;197.70
71092;197.10
71144;197.00
71196;197.00
71248;196.50
71300;196.00
71352;196.00
71404;195.60
71456;194.60
71507;194.10
71560;194.10
71612;194.00
71664;193.60
71715;193.50
71768;193.30
71820;193.00
71872;193.10
71923;193.10
71975;193.00
72028;193.10
72080;193.00
72131;193.00
72183;192.90
72236;193.00
72288;193.00
72339;193.00
72391;192.90
72443;192.80
72496;192.90
72548;192.50
72599;192.40
72651;192.20
72704;192.10
72756;192.00
72807;192.00
72859;192.00
72911;192.20
72964;192.00
73015;192.10
73067;192.20
73119;192.10
73171;192.00
73223;192.00
73275;192.00
73327;192.20
73379;192.10
73431;192.00
73483;192.00
73535;192.00
73587;192.00
73638;192.00
73691;191.90
73743;192.00
73795;192.00
73846;192.00
73899;192.00
73951;192.00
74003;192.00
74054;192.10
74106;192.10
74159;192.90
74211;193.40
74262;193.70
74314;193.70
74366;193.20
74419;193.00
74470;193.00
74522;192.90
74574;192.90
74627;192.80
74678;192.40
74730;192.30
74782;192.80
74834;193.00
74887;193.20
74938;193.80
74990;194.00
75042;194.00
75095;194.00
75146;194.00
75198;193.90
75250;194.00
75302;193.60
75354;193.30
75406;193.30
75458;193.90
75510;194.10
75561;194.10
75614;194.50
75666;195.00
75718;195.00
75769;195.00
75822;195.00
75874;195.20
75926;195.30
75977;195.10
76029;195.10
76082;195.40
76134;195.40
76185;195.50
76237;195.30
76290;195.60
76342;195.40
76393;195.50
76445;195.80
76497;195.80
76550;195.80
76601;195.70
76653;195.90
76705;196.00
76758;195.80
76810;195.80
76861;195.50
76913;195.10
76965;195.20
77018;195.20
77069;195.20
77121;195.10
77173;195.10
77225;195.10
77277;195.90
77329;196.80
77381;197.90
77433;198.00
77485;198.60
77537;198.40
77589;198.10
77641;197.60
77692;197.00
77745;197.00
77797;196.90
77849;196.80
77900;197.00
77953;196.90
78005;197.10
78057;197.00
78108;197.00
78160;197.10
78213;197.00
78265;197.00
78316;196.80
78368;197.00
78420;196.80
78473;196.50
78524;196.80
78576;196.10
78628;196.00
78681;196.10
78732;196.00
78784;196.90
78836;197.00
78888;197.00
78940;197.00
78992;197.20
79044;197.00
79096;197.20
79149;197.00
79200;197.10
79252;196.70
79304;196.40
79356;196.00
79408;196.10
79460;196.00
79512;196.00
79564;196.00
79616;195.90
79668;195.30
79720;195.00
79772;194.40
79823;193.40
79876;192.50
79928;191.60
79980;191.10
80031;190.50
80083;189.90
80136;189.20
80188;188.90
80239;188.10
80291;187.70
80344;187.10
80396;186.90
80447;186.70
80499;186.80
80551;186.60
80604;186.00
80655;186.00
80707;185.10
80759;184.80
80812;184.00
80863;184.00
80915;183.50
80967;183.20
81019;183.00
81071;182.90
81123;182.50
81175;182.10
81227;181.80
81278;181.20
81331;180.40
81383;179.30
81435;178.20
81487;177.40
81539;176.70
81591;176.00
81643;175.80
81695;175.00
81746;174.40
81799;174.10
81851;174.00
81903;174.00
81954;174.00
82007;173.90
82059;173.60
82111;173.00
82162;172.90
82214;172.90
82267;172.60
82319;172.80
82370;172.80
82422;172.40
82475;172.20
82527;172.00
82578;172.10
82630;172.20
82682;172.30
82735;172.10
82786;172.10
82838;171.90
82890;171.50
82942;171.10
82994;171.10
83046;171.00
83098;170.40
83150;170.00
83202;170.10
83254;169.90
83306;169.30
83358;168.80
83409;168.10
83462;167.60
83514;167.10
83566;167.10
83617;167.60
83670;167.90
83722;168.00
83774;168.00
83825;168.10
83877;168.10
83930;168.10
83982;168.00
84033;168.00
84085;167.80
84137;167.40
84190;166.90
84242;166.40
84293;166.00
84345;166.00
84398;166.00
84450;165.70
84501;165.70
84553;165.70
84605;165.70
84658;165.10
84709;165.20
84761;165.00
84813;165.10
84866;165.10
84917;165.10
84969;165.00
85021;165.00
85073;165.00
85125;165.00
85177;165.00
85229;165.70
85281;165.70
85332;166.00
85385;166.00
85437;166.10
85489;166.40
85540;166.60
85593;167.00
85645;167.00
85697;167.20
85748;167.10
85800;167.40
85853;167.50
85905;167.20
85956;167.00
86008;167.40
86061;167.20
86113;167.10
86164;167.20
86216;167.30
86268;167.40
86321;167.30
86372;167.80
86424;168.00
86476;168.00
86529;168.00
86580;168.10
86632;168.10
86684;168.10
86736;168.00
86788;167.90
86840;168.00
86892;167.80
86944;168.00
86995;168.00
87048;168.60
87100;168.70
87152;168.80
87203;169.00
87256;169.00
87308;169.10
87360;168.90
87411;169.00
87463;169.20
87516;169.20
87568;169.20
87619;169.40
87671;169.50
87724;169.70
87776;169.70
87828;170.00
87879;170.00
87931;169.90
87984;170.00
88036;170.00
88087;170.00
88139;170.00
88192;170.10
88244;170.10
88295;170.00
88347;169.50
88399;169.20
88452;169.00
88503;169.00
88555;169.30
88607;169.90
88659;170.00
88711;170.30
88763;170.90
88815;170.90
88867;170.90
88919;170.70
88971;171.00
89023;171.00
89075;171.20
89126;171.00
89179;170.10
89231;169.20
89283;168.10
89334;168.00
89387;167.40
89439;167.20
89491;167.20
89542;167.00
89594;167.40
89647;167.20
89699;167.40
89750;167.20
89802;167.60
89854;168.00
89907;168.10
89958;168.00
90010;168.30
90062;168.70
90115;168.90
90166;168.80
90218;169.00
90270;169.00
90322;169.00
90374;169.00
90426;169.00
90478;169.00
90530;169.00
90582;169.00
90634;169.00
90686;169.00
90738;169.30
90789;169.30
90842;169.60
90894;169.10
90946;169.00
90997;169.00
91049;169.00
91102;169.00
91154;168.90
91205;169.00
91257;169.10
91310;169.10
91362;169.00
91414;168.60
91465;168.40
91517;168.10
91570;168.10
91622;168.50
91673;169.00
91725;169.00
91778;169.10
91830;169.90
91881;170.00
91933;170.30
91985;170.40
92038;170.30
92089;170.50
92141;170.70
92193;170.60
92246;170.70
92297;170.70
92349;171.00
92401;171.10
92453;171.30
92505;171.60
92557;171.40
92609;171.00
92661;170.90
92712;171.00
92765;170.70
92817;170.50
92869;170.50
92920;170.60
92973;170.20
93025;170.20
93077;170.10
93128;170.20
93180;170.00
93233;170.10
93285;170.10
93337;170.00
93388;170.00
93441;170.10
93493;170.10
93545;170.60
93596;171.00
93648;171.00
93701;171.00
93753;171.00
93804;171.00
93856;170.50
93908;169.90
93961;169.50
94012;169.10
94064;169.00
94116;169.00
94169;169.00
94220;169.60
94272;170.00
94324;170.00
94376;170.00
94428;169.90
94480;170.00
94532;170.00
94584;170.10
94636;170.10
94688;170.20
94740;170.10
94792;170.20
94843;170.60
94896;170.50
94948;170.80
95000;170.80
95051;170.80
95104;170.30
95156;170.20
95208;170.20
95259;170.70
95311;170.60
95364;171.00
95416;171.30
95467;171.70
95519;172.00
95571;171.20
95624;170.80
95675;170.50
95727;170.00
95779;170.30
95832;170.70
95883;171.00
95935;171.00
95987;171.00
96039;170.70
96092;170.90
96143;170.50
96195;170.00
96247;170.00
96300;170.00
96351;169.50
96403;169.10
96455;169.00
96507;168.50
96559;168.70
96611;168.80
96663;169.10
96715;169.30
96766;168.50
96819;167.50
96871;166.50
96923;165.60
96974;164.60
97027;163.70
97079;163.30
97131;162.90
97182;162.90
97234;162.90
97287;162.50
97339;162.00
97390;162.00
97442;162.00
97495;162.10
97547;162.00
97598;162.10
97650;162.20
97702;162.00
97755;161.30
97806;161.00
97858;161.00
97910;160.70
97963;160.30
98014;160.00
98066;159.90
98118;159.70
98170;159.10
98222;158.80
98274;158.30
98326;158.00
98378;157.90
98429;157.80
98482;158.00
98534;157.90
98586;157.90
98637;158.00
98690;157.90
98742;157.70
98794;157.80
98846;158.00
98897;158.10
98950;158.10
99002;158.00
99054;157.90
99105;157.90
99158;158.00
99210;158.00
99262;157.90
99313;158.00
99365;157.90
99418;158.00
99470;157.90
99521;158.00
99573;158.00
99625;157.80
99678;157.60
99729;157.40
99781;157.30
99833;157.00
99886;156.20
99937;156.00
99989;156.10
100041;156.10
100093;156.80
100145;157.00
100197;157.00
100249;157.00
100301;156.70
100354;156.00
100405;155.90
100457;155.60
100509;155.40
100561;155.20
100614;155.60
100665;156.00
100717;156.20
100769;156.30
100822;156.30
100874;156.60
100925;156.30
100977;156.60
101029;157.00
101082;156.90
101134;157.00
101185;157.00
101237;157.10
101289;157.00
101342;157.00
101394;157.10
101445;157.10
101497;157.40
101550;158.00
101602;158.10
101654;158.00
101705;158.00
101757;158.10
101810;158.10
101862;158.00
101914;158.00
101965;158.00
102018;158.00
102070;158.10
102122;158.00
102174;158.20
102225;158.60
102278;159.00
102330;159.00
102382;159.00
102434;159.90
102486;160.00
102538;160.10
102590;160.20
102642;160.10
102694;160.50
102746;160.80
102798;161.00
102850;160.70
102902;160.20
102955;159.80
103006;159.70
103058;159.90
103110;159.80
103162;159.80
103215;160.20
103266;160.50
103318;161.00
103370;161.00
103422;160.90
103475;160.30
103526;160.30
103578;160.60
103630;160.70
103683;160.60
103735;160.40
103786;160.80
103838;160.80
103890;160.60
103943;160.00
103995;160.00
104046;160.00
104098;160.00
104151;160.00
104203;160.00
104255;160.10
104306;160.30
104358;160.00
104411;160.60
104463;160.70
104515;160.40
104566;160.30
104619;160.10
104671;160.20
104723;160.60
104775;160.90
104826;161.00
104879;161.10
104931;161.00
104983;161.00
105035;161.10
105086;161.50
105139;162.00
105191;161.90
105243;161.90
105295;161.80
105347;161.50
105399;161.10
105451;161.10
105503;161.00
105555;161.00
105607;161.10
105659;161.10
105711;161.00
105763;161.00
105816;161.00
105867;161.10
105919;160.80
105971;160.80
106023;160.10
106076;160.20
106127;160.30
106179;160.50
106231;160.90
106284;160.90
106336;161.00
106387;161.00
106439;161.10
106491;161.00
106544;161.10
106596;161.20
106647;161.30
106699;161.60
106752;161.50
106804;161.00
106856;161.30
106907;161.60
106959;161.30
107012;161.10
107064;160.90
107116;160.70
107167;159.80
107219;159.10
107272;158.30
107324;158.00
107376;158.00
107427;157.80
107480;158.10
107532;158.20
107584;158.50
107636;159.00
107687;159.10
107740;159.00
107792;159.10
107844;159.10
107896;159.00
107948;159.00
108000;159.10
108052;159.00
108104;159.00
108156;159.00
108208;159.00
108260;159.10
108312;159.00
108364;158.90
108417;158.90
108468;158.90
108520;158.80
108572;158.10
108624;157.40
108677;157.00
108728;157.00
108780;156.80
108832;157.00
108884;157.00
108937;157.30
108988;157.90
109040;158.00
109092;158.00
109145;158.00
109197;158.00
109248;158.10
109300;158.20
109352;158.50
109405;158.70
109457;158.80
109508;159.00
109560;158.90
109613;159.00
109665;159.00
109717;159.00
109768;158.90
109820;158.40
109873;158.10
109925;158.00
109977;158.30
110028;158.20
110081;158.20
110133;158.50
110185;158.90
110237;159.10
110288;159.00
110341;159.20
110393;159.70
110445;159.70
110497;160.00
110548;160.00
110601;159.90
110653;160.10
110705;160.00
110757;160.00
110809;160.10
110861;160.00
110913;160.00
110965;160.20
111017;160.00
111069;160.20
111121;160.10
111173;160.10
111225;160.10
111278;160.10
111329;160.00
111381;160.00
111433;160.00
111485;160.00
111538;159.50
111589;159.00
111641;159.00
111693;158.90
111746;158.30
111798;158.00
111849;158.10
111901;157.60
111953;157.00
112006;156.60
112058;155.90
112109;155.00
112161;154.90
112214;154.50
112266;154.40
112318;154.10
112369;153.90
112421;153.10
112474;152.90
112526;152.50
112578;152.00
112629;151.50
112681;151.10
112734;151.00
112786;151.00
112838;150.80
112889;150.70
112942;150.20
112994;150.00
113046;149.60
113098;149.00
113149;148.90
113202;148.70
113254;148.40
113306;148.10
113358;148.20
113410;148.00
113462;147.40
113514;147.00
113566;146.50
113618;146.40
113670;146.10
113722;146.00
113774;145.80
113826;145.80
113879;145.10
113930;145.00
113982;144.40
114034;144.00
114086;144.00
114139;144.00
114190;144.20
114242;144.20
114294;144.70
114347;145.00
114399;145.00
114450;145.00
114502;145.10
114554;145.30
114607;145.20
114659;145.70
114710;145.60
114762;145.90
114814;145.70
114867;145.50
114919;145.10
114970;145.00
115022;145.00
115075;145.10
115127;145.00
115179;145.00
115230;145.00
115282;145.00
115335;145.10
115387;145.50
115439;145.90
115490;146.00
115543;146.00
115595;146.20
115647;146.40
115699;146.70
115750;146.60
115803;146.70
115855;146.90
115907;146.80
115959;147.00
116011;146.80
116063;146.40
116115;146.20
116167;146.50
116219;146.40
116271;146.60
116323;146.90
116375;147.00
116427;147.00
116480;147.20
116531;147.40
116583;148.00
116635;148.00
116687;148.00
116740;148.00
116791;148.10
116843;148.00
116895;148.00
116947;148.00
117000;148.00
117051;148.10
117103;148.20
117155;148.30
117208;148.50
117260;148.40
117311;148.10
117363;148.60
117415;149.00
117468;149.50
117520;150.00
117571;150.00
117623;150.20
117676;150.10
117728;150.00
117780;149.70
117831;149.00
117883;149.00
117936;149.00
117988;149.10
118040;149.10
118091;149.80
118144;149.90
118196;150.00
118248;150.00
118300;150.00
118351;150.00
118404;149.90
118456;150.00
118508;149.40
118560;149.10
118611;149.00
118664;149.10
118716;149.00
118768;149.00
118820;148.50
118872;148.10
118924;148.00
118976;148.00
119028;148.00
119080;147.60
119132;147.10
119184;147.40
119236;147.50
119288;147.00
119341;146.80
119392;146.30
119444;146.00
119496;145.50
119548;145.10
119601;145.30
119652;145.50
119704;145.70
119756;145.10
119809;144.80
119861;143.80
119912;142.90
119964;142.60
120016;142.10
120069;142.00
120121;141.70
120172;141.60
120224;141.00
120276;141.00
120329;140.80
120381;140.60
120432;140.00
120484;140.10
120537;140.40
120589;140.00
120641;140.10
120692;140.80
120744;141.20
120797;141.90
120849;142.00
120901;142.00
120952;141.90
121005;141.90
121057;142.00
121109;141.50
121161;141.40
121212;141.10
121265;141.00
121317;141.00
121369;141.00
121421;141.00
121473;141.70
121525;141.80
121577;141.50
121629;141.30
121681;140.70
121733;140.10
121785;139.80
121837;139.70
121889;139.30
121942;139.40
121993;139.30
122045;139.40
122097;139.10
122149;139.00
122202;139.10
122253;139.10
122305;139.30
122357;139.10
122409;139.00
122462;139.00
122513;139.20
122565;139.00
122617;139.20
122670;139.40
122722;138.90
122773;138.30
122825;138.00
122877;138.00
122930;137.60
122982;137.20
123033;137.20
123085;137.00
123138;137.00
123190;137.00
123242;137.00
123293;137.30
123345;137.40
123398;137.60
123450;137.80
123502;137.40
123553;137.10
123606;137.20
123658;137.00
123710;137.00
123762;137.00
123813;136.80
123866;136.90
123918;137.00
123970;137.00
124022;137.00
124073;137.10
124126;137.00
124178;137.30
124230;137.90
124282;138.80
124334;138.90
124386;139.00
124438;139.50
124490;140.00
124542;140.00
124594;140.10
124646;140.10
124698;140.00
124750;140.30
124803;140.00
124854;140.20
124906;140.00
124958;139.30
125010;139.00
125063;138.90
125114;138.20
125166;138.00
125218;137.80
125271;137.10
125323;136.70
125374;136.00
125426;136.00
125478;135.60
125531;135.00
125583;135.80
125634;136.00
125686;136.00
125739;136.10
125791;136.00
125843;135.90
125894;135.10
125946;135.00
125999;134.90
126051;135.00
126103;134.90
126154;134.90
126206;134.50
126259;134.90
126311;134.60
126363;135.00
126414;135.00
126467;135.00
126519;135.00
126571;135.00
126623;135.00
126674;135.00
126727;134.90
126779;134.60
126831;134.20
126883;134.10
126935;134.00
126987;133.90
127039;133.20
127091;133.00
127143;132.40
127195;132.00
127247;131.70
127299;131.50
127351;131.60
127404;131.70
127455;131.80
127507;131.40
127559;131.10
127611;131.00
127664;131.00
127715;130.70
127767;130.70
127819;130.70
127872;130.00
127924;130.30
127975;130.10
128027;130.00
128079;130.00
128132;129.80
128184;129.70
128235;129.60
128287;129.40
128339;129.60
128392;129.70
128444;129.00
128495;128.40
128547;128.20
128600;128.00
128652;128.00
128704;128.20
128755;128.80
128807;128.80
128860;129.00
128912;129.10
128964;129.60
129015;129.40
129068;129.40
129120;129.00
129172;128.70
129224;128.10
129275;128.10
129328;128.00
129380;128.00
129432;128.20
129484;128.10
129536;128.00
129588;128.10
129640;128.10
129692;128.40
129744;128.50
129796;128.90
129848;129.20
129900;129.90
129952;130.00
130004;130.00
130056;130.00
130108;129.60
130160;129.00
130212;129.10
130265;129.00
130316;128.90
130368;128.90
130420;129.00
130472;129.00
130525;129.10
130576;129.00
130628;128.90
130680;129.00
130733;129.60
130785;130.30
130836;131.00
130888;131.00
130940;130.90
130993;131.00
131045;130.30
131096;130.00
131148;130.10
131201;130.10
131253;130.20
131305;130.60
131356;131.00
131408;131.00
131461;131.00
131513;131.00
131565;131.10
131616;131.10
131668;131.10
131721;131.20
131773;131.00
131825;131.30
131876;131.70
131929;131.30
131981;131.20
132033;131.30
132085;131.00
132136;131.00
132189;131.00
132241;131.00
132293;131.00
132345;130.90
132397;130.90
132449;130.80
132501;130.90
132553;131.00
132605;130.50
132657;130.20
132709;130.00
132761;130.00
132813;129.90
132866;130.00
132917;129.70
132969;130.00
133021;129.90
133073;130.00
133126;129.90
133177;129.30
133229;129.00
133281;129.00
133334;129.00
133386;129.10
133437;129.40
133489;129.60
133541;129.70
133594;129.60
133646;129.40
133697;129.00
133749;129.10
133801;128.60
133854;127.70
133906;126.90
133957;126.00
134009;125.60
134062;125.00
134114;125.00
134166;125.10
134217;125.50
134269;125.00
134322;124.50
134374;124.00
134426;124.00
134477;123.50
134530;123.10
134582;123.10
134634;123.00
134686;123.10
134737;123.20
134790;123.00
134842;123.10
134894;123.00
134946;123.00
134998;122.70
135050;122.10
135102;122.10
135154;122.10
135206;122.80
135258;123.00
135310;122.50
135362;122.00
135414;121.30
135465;121.10
135518;121.00
135570;121.90
135622;122.50
135674;123.00
135726;123.50
135778;123.70
135830;123.90
135882;124.00
135934;124.00
135986;124.00
136038;124.00
136090;124.30
136142;124.30
136195;124.40
136246;124.30
136298;124.60
136350;123.70
136402;122.70
136455;121.90
136506;121.80
136558;121.30
136610;121.60
136663;122.00
136715;122.30
136766;122.90
136818;123.60
136870;123.90
136923;124.00
136975;124.80
137026;125.00
137078;125.00
137131;124.70
137183;124.30
137235;124.00
137286;123.90
137338;123.50
137391;123.00
137443;123.10
137495;123.70
137546;124.10
137598;124.90
137651;125.10
137703;125.40
137755;125.80
137806;125.90
137859;126.10
137911;126.00
137963;125.20
138015;125.00
138066;124.90
138119;125.00
138171;125.00
138223;125.80
138275;126.00
138327;126.10
138379;126.50
138431;126.90
138483;127.00
138535;127.00
138587;127.00
138639;127.10
138691;127.10
138743;127.00
138796;127.30
138847;127.40
138899;127.00
138951;127.00
139003;126.90
139056;126.70
139107;126.40
139159;126.00
139211;126.00
139264;126.00
139316;125.90
139367;125.60
139419;125.90
139471;125.90
139524;126.20
139576;126.20
139627;126.00
139679;126.10
139731;126.20
139784;126.40
139836;126.80
139887;127.00
139939;126.90
139992;127.00
140044;127.00
140096;127.00
140147;127.00
140199;127.20
140252;127.30
140304;127.50
140356;127.70
140407;127.80
140460;127.80
140512;127.50
140564;127.00
140616;127.00
140667;127.00
140720;127.00
140772;127.00
140824;127.00
140875;127.00
140928;126.90
140980;127.00
141032;127.10
141084;127.00
141135;127.00
141188;127.00
141240;127.00
141292;127.00
141344;126.70
141395;126.50
141448;126.10
141500;126.30
141552;126.30
141604;126.10
141656;126.50
141708;126.80
141760;126.70
141812;126.30
141864;126.20
141916;126.10
141968;126.30
142020;126.30
142072;126.70
142125;127.00
142176;126.90
142228;127.00
142280;127.00
142332;127.00
142385;127.00
142436;127.00
142488;127.00
142540;127.80
142593;128.00
142645;128.00
142696;128.00
142748;128.00
142800;127.20
142853;127.00
142905;126.40
142956;126.00
143008;126.20
143060;126.20
143113;126.90
143165;127.00
143216;127.00
143268;127.50
143321;128.00
143373;128.00
143425;128.00
143476;128.00
143528;128.00
143581;128.10
143633;128.00
143684;128.10
143736;128.20
143789;128.00
143841;128.20
143893;128.00
143944;128.30
143996;128.00
144049;128.20
144101;128.20
144153;128.40
144205;128.50
144257;128.80
144309;128.60
144361;128.60
144413;128.70
144465;128.80
144517;128.80
144569;128.30
144621;128.40
144673;128.40
144726;128.70
144777;129.00
144829;129.10
144881;129.10
144933;129.10
144986;129.20
145037;129.40
145089;129.60
145141;129.40
145193;129.60
145246;129.90
145297;129.60
145349;129.00
145401;129.00
145454;129.00
145506;129.00
145557;129.00
145609;129.00
145661;129.00
145714;129.10
145766;129.00
145817;129.10
145869;129.00
145922;129.00
145974;129.20
146026;129.00
146077;129.00
146129;129.60
146182;129.60
146234;129.90
146286;130.00
146337;129.90
146390;130.00
146442;129.80
146494;129.80
146546;129.50
146597;129.20
146650;129.00
146702;129.10
146754;129.30
146806;129.30
146857;129.30
146910;129.20
146962;129.10
147014;129.00
147066;129.10
147118;129.10
147170;129.00
147222;129.00
147274;128.80
147326;128.10
147378;128.10
147430;128.00
147482;128.00
147534;127.40
147587;127.00
147638;126.90
147690;126.10
147742;126.00
147794;125.90
147847;125.40
147898;125.00
147950;124.80
148002;124.40
148055;124.00
148107;123.90
148158;123.70
148210;123.20
148262;123.00
148315;122.80
148367;122.50
148418;122.20
148470;122.00
148523;121.90
148575;121.60
148627;121.10
148678;121.10
148730;121.00
148783;120.70
148835;120.50
148887;120.20
148938;120.10
148990;120.00
149043;119.90
149095;119.90
149147;119.80
149198;119.80
149251;119.70
149303;119.70
149355;119.30
149407;119.20
149458;119.10
149511;119.30
149563;119.00
149615;119.10
149667;119.10
149719;119.20
149771;119.00
149823;119.00
149875;119.00
149927;119.00
149979;119.10
150031;119.00
150083;119.00
150135;119.00
150187;118.30
150239;117.90
150291;117.10
150343;116.80
150395;116.10
150448;116.00
150499;116.00
150551;115.60
150603;115.00
150656;115.00
150707;115.10
150759;115.10
150811;115.10
150863;115.80
150916;116.10
150968;116.80
151019;117.20
151071;117.90
151123;118.00
151176;118.10
151228;118.30
151279;118.60
151331;119.00
151384;119.60
151436;119.90
151488;120.00
151539;120.00
151591;119.60
151644;119.80
151696;119.70
151748;120.80
151799;121.90
151852;123.40
151904;124.50
151956;125.00
152008;125.80
152059;126.00
152112;126.20
152164;127.00
152216;126.20
152268;126.20
152320;125.50
152372;124.70
152424;124.10
152476;123.40
152528;123.30
152580;122.40
152632;121.80
152684;121.00
152736;120.20
152788;119.30
152840;117.90
152892;116.50
152944;115.30
152996;114.50
153049;113.20
153100;112.60
153152;112.00
153204;112.00
153256;111.70
153309;111.10
153360;111.00
153412;110.30
153464;110.00
153517;110.00
153569;109.70
153620;109.00
153672;108.90
153724;108.60
153777;108.10
153829;108.00
153880;107.40
153932;107.50
153985;107.00
154037;106.80
154089;106.40
154140;106.00
154192;105.60
154245;105.60
154297;105.20
154349;105.10
154400;105.00
154452;104.90
154505;104.80
154557;104.80
154609;104.60
154660;104.10
154713;104.30
154765;104.00
154817;104.00
154869;103.90
154920;103.50
154973;103.20
155025;102.60
155077;101.80
155129;101.00
155181;101.00
155233;101.10
155285;101.90
155337;102.80
155389;102.90
155441;101.30
155493;98.60
155545;96.50
155597;95.30
155649;94.50
155701;94.00
155753;93.80
155805;93.60
155856;93.20
155909;93.20
155961;93.30
